Rescue probability,c,Growth ratios,Nc
0.192,0.0,0.2,1
0.035,0.05555555555555555,0.2,1
0.0,0.1111111111111111,0.2,1
0.0,0.16666666666666666,0.2,1
0.0,0.2222222222222222,0.2,1
0.0,0.2777777777777778,0.2,1
0.0,0.3333333333333333,0.2,1
0.0,0.38888888888888884,0.2,1
0.0,0.4444444444444444,0.2,1
0.0,0.5,0.2,1
0.331,0.0,0.6,1
0.234,0.05555555555555555,0.6,1
0.108,0.1111111111111111,0.6,1
0.0,0.16666666666666666,0.6,1
0.0,0.2222222222222222,0.6,1
0.0,0.2777777777777778,0.6,1
0.0,0.3333333333333333,0.6,1
0.0,0.38888888888888884,0.6,1
0.0,0.4444444444444444,0.6,1
0.0,0.5,0.6,1
0.45,0.0,1.0,1
0.367,0.05555555555555555,1.0,1
0.237,0.1111111111111111,1.0,1
0.134,0.16666666666666666,1.0,1
0.0,0.2222222222222222,1.0,1
0.0,0.2777777777777778,1.0,1
0.0,0.3333333333333333,1.0,1
0.0,0.38888888888888884,1.0,1
0.0,0.4444444444444444,1.0,1
0.0,0.5,1.0,1
0.545,0.0,1.6,1
0.489,0.05555555555555555,1.6,1
0.395,0.1111111111111111,1.6,1
0.271,0.16666666666666666,1.6,1
0.159,0.2222222222222222,1.6,1
0.0,0.2777777777777778,1.6,1
0.0,0.3333333333333333,1.6,1
0.0,0.38888888888888884,1.6,1
0.0,0.4444444444444444,1.6,1
0.0,0.5,1.6,1
0.652,0.0,2.4,1
0.553,0.05555555555555555,2.4,1
0.486,0.1111111111111111,2.4,1
0.381,0.16666666666666666,2.4,1
0.24,0.2222222222222222,2.4,1
0.128,0.2777777777777778,2.4,1
0.0,0.3333333333333333,2.4,1
0.0,0.38888888888888884,2.4,1
0.0,0.4444444444444444,2.4,1
0.0,0.5,2.4,1
0.72,0.0,3.6,1
0.633,0.05555555555555555,3.6,1
0.547,0.1111111111111111,3.6,1
0.454,0.16666666666666666,3.6,1
0.373,0.2222222222222222,3.6,1
0.245,0.2777777777777778,3.6,1
0.098,0.3333333333333333,3.6,1
0.0,0.38888888888888884,3.6,1
0.0,0.4444444444444444,3.6,1
0.0,0.5,3.6,1
0.788,0.0,5.5,1
0.701,0.05555555555555555,5.5,1
0.579,0.1111111111111111,5.5,1
0.53,0.16666666666666666,5.5,1
0.454,0.2222222222222222,5.5,1
0.367,0.2777777777777778,5.5,1
0.22,0.3333333333333333,5.5,1
0.057,0.38888888888888884,5.5,1
0.0,0.4444444444444444,5.5,1
0.0,0.5,5.5,1
0.867,0.0,9.2,1
0.783,0.05555555555555555,9.2,1
0.672,0.1111111111111111,9.2,1
0.578,0.16666666666666666,9.2,1
0.512,0.2222222222222222,9.2,1
0.433,0.2777777777777778,9.2,1
0.301,0.3333333333333333,9.2,1
0.159,0.38888888888888884,9.2,1
0.0,0.4444444444444444,9.2,1
0.0,0.5,9.2,1
0.901,0.0,19.0,1
0.831,0.05555555555555555,19.0,1
0.761,0.1111111111111111,19.0,1
0.693,0.16666666666666666,19.0,1
0.594,0.2222222222222222,19.0,1
0.49,0.2777777777777778,19.0,1
0.364,0.3333333333333333,19.0,1
0.269,0.38888888888888884,19.0,1
0.095,0.4444444444444444,19.0,1
0.0,0.5,19.0,1
0.989,0.0,127.0,1
0.894,0.05555555555555555,127.0,1
0.811,0.1111111111111111,127.0,1
0.714,0.16666666666666666,127.0,1
0.661,0.2222222222222222,127.0,1
0.563,0.2777777777777778,127.0,1
0.423,0.3333333333333333,127.0,1
0.324,0.38888888888888884,127.0,1
0.179,0.4444444444444444,127.0,1
0.0,0.5,127.0,1
0.0,0.0,0.2,50
0.0,0.05555555555555555,0.2,50
0.0,0.1111111111111111,0.2,50
0.0,0.16666666666666666,0.2,50
0.0,0.2222222222222222,0.2,50
0.0,0.2777777777777778,0.2,50
0.0,0.3333333333333333,0.2,50
0.0,0.38888888888888884,0.2,50
0.0,0.4444444444444444,0.2,50
0.0,0.5,0.2,50
0.321,0.0,0.6,50
0.0,0.05555555555555555,0.6,50
0.0,0.1111111111111111,0.6,50
0.0,0.16666666666666666,0.6,50
0.0,0.2222222222222222,0.6,50
0.0,0.2777777777777778,0.6,50
0.0,0.3333333333333333,0.6,50
0.0,0.38888888888888884,0.6,50
0.0,0.4444444444444444,0.6,50
0.0,0.5,0.6,50
0.471,0.0,1.0,50
0.374,0.05555555555555555,1.0,50
0.0,0.1111111111111111,1.0,50
0.0,0.16666666666666666,1.0,50
0.0,0.2222222222222222,1.0,50
0.0,0.2777777777777778,1.0,50
0.0,0.3333333333333333,1.0,50
0.0,0.38888888888888884,1.0,50
0.0,0.4444444444444444,1.0,50
0.0,0.5,1.0,50
0.568,0.0,1.6,50
0.49,0.05555555555555555,1.6,50
0.351,0.1111111111111111,1.6,50
0.0,0.16666666666666666,1.6,50
0.0,0.2222222222222222,1.6,50
0.0,0.2777777777777778,1.6,50
0.0,0.3333333333333333,1.6,50
0.0,0.38888888888888884,1.6,50
0.0,0.4444444444444444,1.6,50
0.0,0.5,1.6,50
0.65,0.0,2.4,50
0.566,0.05555555555555555,2.4,50
0.491,0.1111111111111111,2.4,50
0.366,0.16666666666666666,2.4,50
0.0,0.2222222222222222,2.4,50
0.0,0.2777777777777778,2.4,50
0.0,0.3333333333333333,2.4,50
0.0,0.38888888888888884,2.4,50
0.0,0.4444444444444444,2.4,50
0.0,0.5,2.4,50
0.711,0.0,3.6,50
0.644,0.05555555555555555,3.6,50
0.572,0.1111111111111111,3.6,50
0.486,0.16666666666666666,3.6,50
0.343,0.2222222222222222,3.6,50
0.0,0.2777777777777778,3.6,50
0.0,0.3333333333333333,3.6,50
0.0,0.38888888888888884,3.6,50
0.0,0.4444444444444444,3.6,50
0.0,0.5,3.6,50
0.811,0.0,5.5,50
0.708,0.05555555555555555,5.5,50
0.617,0.1111111111111111,5.5,50
0.521,0.16666666666666666,5.5,50
0.445,0.2222222222222222,5.5,50
0.347,0.2777777777777778,5.5,50
0.0,0.3333333333333333,5.5,50
0.0,0.38888888888888884,5.5,50
0.0,0.4444444444444444,5.5,50
0.0,0.5,5.5,50
0.839,0.0,9.2,50
0.763,0.05555555555555555,9.2,50
0.678,0.1111111111111111,9.2,50
0.606,0.16666666666666666,9.2,50
0.53,0.2222222222222222,9.2,50
0.394,0.2777777777777778,9.2,50
0.229,0.3333333333333333,9.2,50
0.0,0.38888888888888884,9.2,50
0.0,0.4444444444444444,9.2,50
0.0,0.5,9.2,50
0.907,0.0,19.0,50
0.833,0.05555555555555555,19.0,50
0.764,0.1111111111111111,19.0,50
0.673,0.16666666666666666,19.0,50
0.615,0.2222222222222222,19.0,50
0.48,0.2777777777777778,19.0,50
0.386,0.3333333333333333,19.0,50
0.0,0.38888888888888884,19.0,50
0.0,0.4444444444444444,19.0,50
0.0,0.5,19.0,50
0.976,0.0,127.0,50
0.897,0.05555555555555555,127.0,50
0.819,0.1111111111111111,127.0,50
0.706,0.16666666666666666,127.0,50
0.638,0.2222222222222222,127.0,50
0.539,0.2777777777777778,127.0,50
0.476,0.3333333333333333,127.0,50
0.305,0.38888888888888884,127.0,50
0.0,0.4444444444444444,127.0,50
0.0,0.5,127.0,50
0.0,0.0,0.2,100
0.0,0.05555555555555555,0.2,100
0.0,0.1111111111111111,0.2,100
0.0,0.16666666666666666,0.2,100
0.0,0.2222222222222222,0.2,100
0.0,0.2777777777777778,0.2,100
0.0,0.3333333333333333,0.2,100
0.0,0.38888888888888884,0.2,100
0.0,0.4444444444444444,0.2,100
0.0,0.5,0.2,100
0.0,0.0,0.6,100
0.0,0.05555555555555555,0.6,100
0.0,0.1111111111111111,0.6,100
0.0,0.16666666666666666,0.6,100
0.0,0.2222222222222222,0.6,100
0.0,0.2777777777777778,0.6,100
0.0,0.3333333333333333,0.6,100
0.0,0.38888888888888884,0.6,100
0.0,0.4444444444444444,0.6,100
0.0,0.5,0.6,100
0.444,0.0,1.0,100
0.302,0.05555555555555555,1.0,100
0.0,0.1111111111111111,1.0,100
0.0,0.16666666666666666,1.0,100
0.0,0.2222222222222222,1.0,100
0.0,0.2777777777777778,1.0,100
0.0,0.3333333333333333,1.0,100
0.0,0.38888888888888884,1.0,100
0.0,0.4444444444444444,1.0,100
0.0,0.5,1.0,100
0.54,0.0,1.6,100
0.494,0.05555555555555555,1.6,100
0.393,0.1111111111111111,1.6,100
0.0,0.16666666666666666,1.6,100
0.0,0.2222222222222222,1.6,100
0.0,0.2777777777777778,1.6,100
0.0,0.3333333333333333,1.6,100
0.0,0.38888888888888884,1.6,100
0.0,0.4444444444444444,1.6,100
0.0,0.5,1.6,100
0.655,0.0,2.4,100
0.574,0.05555555555555555,2.4,100
0.457,0.1111111111111111,2.4,100
0.339,0.16666666666666666,2.4,100
0.0,0.2222222222222222,2.4,100
0.0,0.2777777777777778,2.4,100
0.0,0.3333333333333333,2.4,100
0.0,0.38888888888888884,2.4,100
0.0,0.4444444444444444,2.4,100
0.0,0.5,2.4,100
0.712,0.0,3.6,100
0.623,0.05555555555555555,3.6,100
0.555,0.1111111111111111,3.6,100
0.453,0.16666666666666666,3.6,100
0.311,0.2222222222222222,3.6,100
0.0,0.2777777777777778,3.6,100
0.0,0.3333333333333333,3.6,100
0.0,0.38888888888888884,3.6,100
0.0,0.4444444444444444,3.6,100
0.0,0.5,3.6,100
0.787,0.0,5.5,100
0.722,0.05555555555555555,5.5,100
0.646,0.1111111111111111,5.5,100
0.535,0.16666666666666666,5.5,100
0.448,0.2222222222222222,5.5,100
0.166,0.2777777777777778,5.5,100
0.0,0.3333333333333333,5.5,100
0.0,0.38888888888888884,5.5,100
0.0,0.4444444444444444,5.5,100
0.0,0.5,5.5,100
0.836,0.0,9.2,100
0.769,0.05555555555555555,9.2,100
0.701,0.1111111111111111,9.2,100
0.589,0.16666666666666666,9.2,100
0.504,0.2222222222222222,9.2,100
0.421,0.2777777777777778,9.2,100
0.0,0.3333333333333333,9.2,100
0.0,0.38888888888888884,9.2,100
0.0,0.4444444444444444,9.2,100
0.0,0.5,9.2,100
0.923,0.0,19.0,100
0.83,0.05555555555555555,19.0,100
0.758,0.1111111111111111,19.0,100
0.674,0.16666666666666666,19.0,100
0.572,0.2222222222222222,19.0,100
0.455,0.2777777777777778,19.0,100
0.332,0.3333333333333333,19.0,100
0.0,0.38888888888888884,19.0,100
0.0,0.4444444444444444,19.0,100
0.0,0.5,19.0,100
0.98,0.0,127.0,100
0.899,0.05555555555555555,127.0,100
0.816,0.1111111111111111,127.0,100
0.708,0.16666666666666666,127.0,100
0.621,0.2222222222222222,127.0,100
0.533,0.2777777777777778,127.0,100
0.456,0.3333333333333333,127.0,100
0.0,0.38888888888888884,127.0,100
0.0,0.4444444444444444,127.0,100
0.0,0.5,127.0,100
0.0,0.0,0.2,500
0.0,0.05555555555555555,0.2,500
0.0,0.1111111111111111,0.2,500
0.0,0.16666666666666666,0.2,500
0.0,0.2222222222222222,0.2,500
0.0,0.2777777777777778,0.2,500
0.0,0.3333333333333333,0.2,500
0.0,0.38888888888888884,0.2,500
0.0,0.4444444444444444,0.2,500
0.0,0.5,0.2,500
0.0,0.0,0.6,500
0.0,0.05555555555555555,0.6,500
0.0,0.1111111111111111,0.6,500
0.0,0.16666666666666666,0.6,500
0.0,0.2222222222222222,0.6,500
0.0,0.2777777777777778,0.6,500
0.0,0.3333333333333333,0.6,500
0.0,0.38888888888888884,0.6,500
0.0,0.4444444444444444,0.6,500
0.0,0.5,0.6,500
0.048,0.0,1.0,500
0.0,0.05555555555555555,1.0,500
0.0,0.1111111111111111,1.0,500
0.0,0.16666666666666666,1.0,500
0.0,0.2222222222222222,1.0,500
0.0,0.2777777777777778,1.0,500
0.0,0.3333333333333333,1.0,500
0.0,0.38888888888888884,1.0,500
0.0,0.4444444444444444,1.0,500
0.0,0.5,1.0,500
0.547,0.0,1.6,500
0.342,0.05555555555555555,1.6,500
0.0,0.1111111111111111,1.6,500
0.0,0.16666666666666666,1.6,500
0.0,0.2222222222222222,1.6,500
0.0,0.2777777777777778,1.6,500
0.0,0.3333333333333333,1.6,500
0.0,0.38888888888888884,1.6,500
0.0,0.4444444444444444,1.6,500
0.0,0.5,1.6,500
0.647,0.0,2.4,500
0.537,0.05555555555555555,2.4,500
0.363,0.1111111111111111,2.4,500
0.0,0.16666666666666666,2.4,500
0.0,0.2222222222222222,2.4,500
0.0,0.2777777777777778,2.4,500
0.0,0.3333333333333333,2.4,500
0.0,0.38888888888888884,2.4,500
0.0,0.4444444444444444,2.4,500
0.0,0.5,2.4,500
0.724,0.0,3.6,500
0.64,0.05555555555555555,3.6,500
0.53,0.1111111111111111,3.6,500
0.32,0.16666666666666666,3.6,500
0.0,0.2222222222222222,3.6,500
0.0,0.2777777777777778,3.6,500
0.0,0.3333333333333333,3.6,500
0.0,0.38888888888888884,3.6,500
0.0,0.4444444444444444,3.6,500
0.0,0.5,3.6,500
0.772,0.0,5.5,500
0.706,0.05555555555555555,5.5,500
0.605,0.1111111111111111,5.5,500
0.538,0.16666666666666666,5.5,500
0.0,0.2222222222222222,5.5,500
0.0,0.2777777777777778,5.5,500
0.0,0.3333333333333333,5.5,500
0.0,0.38888888888888884,5.5,500
0.0,0.4444444444444444,5.5,500
0.0,0.5,5.5,500
0.848,0.0,9.2,500
0.774,0.05555555555555555,9.2,500
0.697,0.1111111111111111,9.2,500
0.629,0.16666666666666666,9.2,500
0.477,0.2222222222222222,9.2,500
0.0,0.2777777777777778,9.2,500
0.0,0.3333333333333333,9.2,500
0.0,0.38888888888888884,9.2,500
0.0,0.4444444444444444,9.2,500
0.0,0.5,9.2,500
0.931,0.0,19.0,500
0.839,0.05555555555555555,19.0,500
0.735,0.1111111111111111,19.0,500
0.688,0.16666666666666666,19.0,500
0.554,0.2222222222222222,19.0,500
0.442,0.2777777777777778,19.0,500
0.0,0.3333333333333333,19.0,500
0.0,0.38888888888888884,19.0,500
0.0,0.4444444444444444,19.0,500
0.0,0.5,19.0,500
0.989,0.0,127.0,500
0.875,0.05555555555555555,127.0,500
0.796,0.1111111111111111,127.0,500
0.728,0.16666666666666666,127.0,500
0.635,0.2222222222222222,127.0,500
0.512,0.2777777777777778,127.0,500
0.0,0.3333333333333333,127.0,500
0.0,0.38888888888888884,127.0,500
0.0,0.4444444444444444,127.0,500
0.0,0.5,127.0,500
0.0,0.0,0.2,1000
0.0,0.05555555555555555,0.2,1000
0.0,0.1111111111111111,0.2,1000
0.0,0.16666666666666666,0.2,1000
0.0,0.2222222222222222,0.2,1000
0.0,0.2777777777777778,0.2,1000
0.0,0.3333333333333333,0.2,1000
0.0,0.38888888888888884,0.2,1000
0.0,0.4444444444444444,0.2,1000
0.0,0.5,0.2,1000
0.0,0.0,0.6,1000
0.0,0.05555555555555555,0.6,1000
0.0,0.1111111111111111,0.6,1000
0.0,0.16666666666666666,0.6,1000
0.0,0.2222222222222222,0.6,1000
0.0,0.2777777777777778,0.6,1000
0.0,0.3333333333333333,0.6,1000
0.0,0.38888888888888884,0.6,1000
0.0,0.4444444444444444,0.6,1000
0.0,0.5,0.6,1000
0.0,0.0,1.0,1000
0.0,0.05555555555555555,1.0,1000
0.0,0.1111111111111111,1.0,1000
0.0,0.16666666666666666,1.0,1000
0.0,0.2222222222222222,1.0,1000
0.0,0.2777777777777778,1.0,1000
0.0,0.3333333333333333,1.0,1000
0.0,0.38888888888888884,1.0,1000
0.0,0.4444444444444444,1.0,1000
0.0,0.5,1.0,1000
0.516,0.0,1.6,1000
0.0,0.05555555555555555,1.6,1000
0.0,0.1111111111111111,1.6,1000
0.0,0.16666666666666666,1.6,1000
0.0,0.2222222222222222,1.6,1000
0.0,0.2777777777777778,1.6,1000
0.0,0.3333333333333333,1.6,1000
0.0,0.38888888888888884,1.6,1000
0.0,0.4444444444444444,1.6,1000
0.0,0.5,1.6,1000
0.646,0.0,2.4,1000
0.525,0.05555555555555555,2.4,1000
0.0,0.1111111111111111,2.4,1000
0.0,0.16666666666666666,2.4,1000
0.0,0.2222222222222222,2.4,1000
0.0,0.2777777777777778,2.4,1000
0.0,0.3333333333333333,2.4,1000
0.0,0.38888888888888884,2.4,1000
0.0,0.4444444444444444,2.4,1000
0.0,0.5,2.4,1000
0.716,0.0,3.6,1000
0.622,0.05555555555555555,3.6,1000
0.477,0.1111111111111111,3.6,1000
0.0,0.16666666666666666,3.6,1000
0.0,0.2222222222222222,3.6,1000
0.0,0.2777777777777778,3.6,1000
0.0,0.3333333333333333,3.6,1000
0.0,0.38888888888888884,3.6,1000
0.0,0.4444444444444444,3.6,1000
0.0,0.5,3.6,1000
0.791,0.0,5.5,1000
0.718,0.05555555555555555,5.5,1000
0.621,0.1111111111111111,5.5,1000
0.445,0.16666666666666666,5.5,1000
0.0,0.2222222222222222,5.5,1000
0.0,0.2777777777777778,5.5,1000
0.0,0.3333333333333333,5.5,1000
0.0,0.38888888888888884,5.5,1000
0.0,0.4444444444444444,5.5,1000
0.0,0.5,5.5,1000
0.851,0.0,9.2,1000
0.773,0.05555555555555555,9.2,1000
0.696,0.1111111111111111,9.2,1000
0.593,0.16666666666666666,9.2,1000
0.397,0.2222222222222222,9.2,1000
0.0,0.2777777777777778,9.2,1000
0.0,0.3333333333333333,9.2,1000
0.0,0.38888888888888884,9.2,1000
0.0,0.4444444444444444,9.2,1000
0.0,0.5,9.2,1000
0.92,0.0,19.0,1000
0.844,0.05555555555555555,19.0,1000
0.73,0.1111111111111111,19.0,1000
0.637,0.16666666666666666,19.0,1000
0.531,0.2222222222222222,19.0,1000
0.0,0.2777777777777778,19.0,1000
0.0,0.3333333333333333,19.0,1000
0.0,0.38888888888888884,19.0,1000
0.0,0.4444444444444444,19.0,1000
0.0,0.5,19.0,1000
0.987,0.0,127.0,1000
0.886,0.05555555555555555,127.0,1000
0.818,0.1111111111111111,127.0,1000
0.697,0.16666666666666666,127.0,1000
0.64,0.2222222222222222,127.0,1000
0.493,0.2777777777777778,127.0,1000
0.0,0.3333333333333333,127.0,1000
0.0,0.38888888888888884,127.0,1000
0.0,0.4444444444444444,127.0,1000
0.0,0.5,127.0,1000
0.0,0.0,0.2,5000
0.0,0.05555555555555555,0.2,5000
0.0,0.1111111111111111,0.2,5000
0.0,0.16666666666666666,0.2,5000
0.0,0.2222222222222222,0.2,5000
0.0,0.2777777777777778,0.2,5000
0.0,0.3333333333333333,0.2,5000
0.0,0.38888888888888884,0.2,5000
0.0,0.4444444444444444,0.2,5000
0.0,0.5,0.2,5000
0.0,0.0,0.6,5000
0.0,0.05555555555555555,0.6,5000
0.0,0.1111111111111111,0.6,5000
0.0,0.16666666666666666,0.6,5000
0.0,0.2222222222222222,0.6,5000
0.0,0.2777777777777778,0.6,5000
0.0,0.3333333333333333,0.6,5000
0.0,0.38888888888888884,0.6,5000
0.0,0.4444444444444444,0.6,5000
0.0,0.5,0.6,5000
0.0,0.0,1.0,5000
0.0,0.05555555555555555,1.0,5000
0.0,0.1111111111111111,1.0,5000
0.0,0.16666666666666666,1.0,5000
0.0,0.2222222222222222,1.0,5000
0.0,0.2777777777777778,1.0,5000
0.0,0.3333333333333333,1.0,5000
0.0,0.38888888888888884,1.0,5000
0.0,0.4444444444444444,1.0,5000
0.0,0.5,1.0,5000
0.0,0.0,1.6,5000
0.0,0.05555555555555555,1.6,5000
0.0,0.1111111111111111,1.6,5000
0.0,0.16666666666666666,1.6,5000
0.0,0.2222222222222222,1.6,5000
0.0,0.2777777777777778,1.6,5000
0.0,0.3333333333333333,1.6,5000
0.0,0.38888888888888884,1.6,5000
0.0,0.4444444444444444,1.6,5000
0.0,0.5,1.6,5000
0.122,0.0,2.4,5000
0.0,0.05555555555555555,2.4,5000
0.0,0.1111111111111111,2.4,5000
0.0,0.16666666666666666,2.4,5000
0.0,0.2222222222222222,2.4,5000
0.0,0.2777777777777778,2.4,5000
0.0,0.3333333333333333,2.4,5000
0.0,0.38888888888888884,2.4,5000
0.0,0.4444444444444444,2.4,5000
0.0,0.5,2.4,5000
0.656,0.0,3.6,5000
0.0,0.05555555555555555,3.6,5000
0.0,0.1111111111111111,3.6,5000
0.0,0.16666666666666666,3.6,5000
0.0,0.2222222222222222,3.6,5000
0.0,0.2777777777777778,3.6,5000
0.0,0.3333333333333333,3.6,5000
0.0,0.38888888888888884,3.6,5000
0.0,0.4444444444444444,3.6,5000
0.0,0.5,3.6,5000
0.783,0.0,5.5,5000
0.635,0.05555555555555555,5.5,5000
0.0,0.1111111111111111,5.5,5000
0.0,0.16666666666666666,5.5,5000
0.0,0.2222222222222222,5.5,5000
0.0,0.2777777777777778,5.5,5000
0.0,0.3333333333333333,5.5,5000
0.0,0.38888888888888884,5.5,5000
0.0,0.4444444444444444,5.5,5000
0.0,0.5,5.5,5000
0.853,0.0,9.2,5000
0.741,0.05555555555555555,9.2,5000
0.59,0.1111111111111111,9.2,5000
0.0,0.16666666666666666,9.2,5000
0.0,0.2222222222222222,9.2,5000
0.0,0.2777777777777778,9.2,5000
0.0,0.3333333333333333,9.2,5000
0.0,0.38888888888888884,9.2,5000
0.0,0.4444444444444444,9.2,5000
0.0,0.5,9.2,5000
0.913,0.0,19.0,5000
0.814,0.05555555555555555,19.0,5000
0.684,0.1111111111111111,19.0,5000
0.52,0.16666666666666666,19.0,5000
0.0,0.2222222222222222,19.0,5000
0.0,0.2777777777777778,19.0,5000
0.0,0.3333333333333333,19.0,5000
0.0,0.38888888888888884,19.0,5000
0.0,0.4444444444444444,19.0,5000
0.0,0.5,19.0,5000
0.975,0.0,127.0,5000
0.867,0.05555555555555555,127.0,5000
0.782,0.1111111111111111,127.0,5000
0.693,0.16666666666666666,127.0,5000
0.333,0.2222222222222222,127.0,5000
0.0,0.2777777777777778,127.0,5000
0.0,0.3333333333333333,127.0,5000
0.0,0.38888888888888884,127.0,5000
0.0,0.4444444444444444,127.0,5000
0.0,0.5,127.0,5000
0.0,0.0,0.2,10000
0.0,0.05555555555555555,0.2,10000
0.0,0.1111111111111111,0.2,10000
0.0,0.16666666666666666,0.2,10000
0.0,0.2222222222222222,0.2,10000
0.0,0.2777777777777778,0.2,10000
0.0,0.3333333333333333,0.2,10000
0.0,0.38888888888888884,0.2,10000
0.0,0.4444444444444444,0.2,10000
0.0,0.5,0.2,10000
0.0,0.0,0.6,10000
0.0,0.05555555555555555,0.6,10000
0.0,0.1111111111111111,0.6,10000
0.0,0.16666666666666666,0.6,10000
0.0,0.2222222222222222,0.6,10000
0.0,0.2777777777777778,0.6,10000
0.0,0.3333333333333333,0.6,10000
0.0,0.38888888888888884,0.6,10000
0.0,0.4444444444444444,0.6,10000
0.0,0.5,0.6,10000
0.0,0.0,1.0,10000
0.0,0.05555555555555555,1.0,10000
0.0,0.1111111111111111,1.0,10000
0.0,0.16666666666666666,1.0,10000
0.0,0.2222222222222222,1.0,10000
0.0,0.2777777777777778,1.0,10000
0.0,0.3333333333333333,1.0,10000
0.0,0.38888888888888884,1.0,10000
0.0,0.4444444444444444,1.0,10000
0.0,0.5,1.0,10000
0.0,0.0,1.6,10000
0.0,0.05555555555555555,1.6,10000
0.0,0.1111111111111111,1.6,10000
0.0,0.16666666666666666,1.6,10000
0.0,0.2222222222222222,1.6,10000
0.0,0.2777777777777778,1.6,10000
0.0,0.3333333333333333,1.6,10000
0.0,0.38888888888888884,1.6,10000
0.0,0.4444444444444444,1.6,10000
0.0,0.5,1.6,10000
0.0,0.0,2.4,10000
0.0,0.05555555555555555,2.4,10000
0.0,0.1111111111111111,2.4,10000
0.0,0.16666666666666666,2.4,10000
0.0,0.2222222222222222,2.4,10000
0.0,0.2777777777777778,2.4,10000
0.0,0.3333333333333333,2.4,10000
0.0,0.38888888888888884,2.4,10000
0.0,0.4444444444444444,2.4,10000
0.0,0.5,2.4,10000
0.4,0.0,3.6,10000
0.0,0.05555555555555555,3.6,10000
0.0,0.1111111111111111,3.6,10000
0.0,0.16666666666666666,3.6,10000
0.0,0.2222222222222222,3.6,10000
0.0,0.2777777777777778,3.6,10000
0.0,0.3333333333333333,3.6,10000
0.0,0.38888888888888884,3.6,10000
0.0,0.4444444444444444,3.6,10000
0.0,0.5,3.6,10000
0.704,0.0,5.5,10000
0.294,0.05555555555555555,5.5,10000
0.0,0.1111111111111111,5.5,10000
0.0,0.16666666666666666,5.5,10000
0.0,0.2222222222222222,5.5,10000
0.0,0.2777777777777778,5.5,10000
0.0,0.3333333333333333,5.5,10000
0.0,0.38888888888888884,5.5,10000
0.0,0.4444444444444444,5.5,10000
0.0,0.5,5.5,10000
0.808,0.0,9.2,10000
0.667,0.05555555555555555,9.2,10000
0.0,0.1111111111111111,9.2,10000
0.0,0.16666666666666666,9.2,10000
0.0,0.2222222222222222,9.2,10000
0.0,0.2777777777777778,9.2,10000
0.0,0.3333333333333333,9.2,10000
0.0,0.38888888888888884,9.2,10000
0.0,0.4444444444444444,9.2,10000
0.0,0.5,9.2,10000
0.902,0.0,19.0,10000
0.775,0.05555555555555555,19.0,10000
0.613,0.1111111111111111,19.0,10000
0.0,0.16666666666666666,19.0,10000
0.0,0.2222222222222222,19.0,10000
0.0,0.2777777777777778,19.0,10000
0.0,0.3333333333333333,19.0,10000
0.0,0.38888888888888884,19.0,10000
0.0,0.4444444444444444,19.0,10000
0.0,0.5,19.0,10000
0.96,0.0,127.0,10000
0.877,0.05555555555555555,127.0,10000
0.741,0.1111111111111111,127.0,10000
0.548,0.16666666666666666,127.0,10000
0.0,0.2222222222222222,127.0,10000
0.0,0.2777777777777778,127.0,10000
0.0,0.3333333333333333,127.0,10000
0.0,0.38888888888888884,127.0,10000
0.0,0.4444444444444444,127.0,10000
0.0,0.5,127.0,10000
0.0,0.0,0.2,50000
0.0,0.05555555555555555,0.2,50000
0.0,0.1111111111111111,0.2,50000
0.0,0.16666666666666666,0.2,50000
0.0,0.2222222222222222,0.2,50000
0.0,0.2777777777777778,0.2,50000
0.0,0.3333333333333333,0.2,50000
0.0,0.38888888888888884,0.2,50000
0.0,0.4444444444444444,0.2,50000
0.0,0.5,0.2,50000
0.0,0.0,0.6,50000
0.0,0.05555555555555555,0.6,50000
0.0,0.1111111111111111,0.6,50000
0.0,0.16666666666666666,0.6,50000
0.0,0.2222222222222222,0.6,50000
0.0,0.2777777777777778,0.6,50000
0.0,0.3333333333333333,0.6,50000
0.0,0.38888888888888884,0.6,50000
0.0,0.4444444444444444,0.6,50000
0.0,0.5,0.6,50000
0.0,0.0,1.0,50000
0.0,0.05555555555555555,1.0,50000
0.0,0.1111111111111111,1.0,50000
0.0,0.16666666666666666,1.0,50000
0.0,0.2222222222222222,1.0,50000
0.0,0.2777777777777778,1.0,50000
0.0,0.3333333333333333,1.0,50000
0.0,0.38888888888888884,1.0,50000
0.0,0.4444444444444444,1.0,50000
0.0,0.5,1.0,50000
0.0,0.0,1.6,50000
0.0,0.05555555555555555,1.6,50000
0.0,0.1111111111111111,1.6,50000
0.0,0.16666666666666666,1.6,50000
0.0,0.2222222222222222,1.6,50000
0.0,0.2777777777777778,1.6,50000
0.0,0.3333333333333333,1.6,50000
0.0,0.38888888888888884,1.6,50000
0.0,0.4444444444444444,1.6,50000
0.0,0.5,1.6,50000
0.0,0.0,2.4,50000
0.0,0.05555555555555555,2.4,50000
0.0,0.1111111111111111,2.4,50000
0.0,0.16666666666666666,2.4,50000
0.0,0.2222222222222222,2.4,50000
0.0,0.2777777777777778,2.4,50000
0.0,0.3333333333333333,2.4,50000
0.0,0.38888888888888884,2.4,50000
0.0,0.4444444444444444,2.4,50000
0.0,0.5,2.4,50000
0.0,0.0,3.6,50000
0.0,0.05555555555555555,3.6,50000
0.0,0.1111111111111111,3.6,50000
0.0,0.16666666666666666,3.6,50000
0.0,0.2222222222222222,3.6,50000
0.0,0.2777777777777778,3.6,50000
0.0,0.3333333333333333,3.6,50000
0.0,0.38888888888888884,3.6,50000
0.0,0.4444444444444444,3.6,50000
0.0,0.5,3.6,50000
0.0,0.0,5.5,50000
0.0,0.05555555555555555,5.5,50000
0.0,0.1111111111111111,5.5,50000
0.0,0.16666666666666666,5.5,50000
0.0,0.2222222222222222,5.5,50000
0.0,0.2777777777777778,5.5,50000
0.0,0.3333333333333333,5.5,50000
0.0,0.38888888888888884,5.5,50000
0.0,0.4444444444444444,5.5,50000
0.0,0.5,5.5,50000
0.0,0.0,9.2,50000
0.0,0.05555555555555555,9.2,50000
0.0,0.1111111111111111,9.2,50000
0.0,0.16666666666666666,9.2,50000
0.0,0.2222222222222222,9.2,50000
0.0,0.2777777777777778,9.2,50000
0.0,0.3333333333333333,9.2,50000
0.0,0.38888888888888884,9.2,50000
0.0,0.4444444444444444,9.2,50000
0.0,0.5,9.2,50000
0.224,0.0,19.0,50000
0.0,0.05555555555555555,19.0,50000
0.0,0.1111111111111111,19.0,50000
0.0,0.16666666666666666,19.0,50000
0.0,0.2222222222222222,19.0,50000
0.0,0.2777777777777778,19.0,50000
0.0,0.3333333333333333,19.0,50000
0.0,0.38888888888888884,19.0,50000
0.0,0.4444444444444444,19.0,50000
0.0,0.5,19.0,50000
0.792,0.0,127.0,50000
0.0,0.05555555555555555,127.0,50000
0.0,0.1111111111111111,127.0,50000
0.0,0.16666666666666666,127.0,50000
0.0,0.2222222222222222,127.0,50000
0.0,0.2777777777777778,127.0,50000
0.0,0.3333333333333333,127.0,50000
0.0,0.38888888888888884,127.0,50000
0.0,0.4444444444444444,127.0,50000
0.0,0.5,127.0,50000
0.0,0.0,0.2,100000
0.0,0.05555555555555555,0.2,100000
0.0,0.1111111111111111,0.2,100000
0.0,0.16666666666666666,0.2,100000
0.0,0.2222222222222222,0.2,100000
0.0,0.2777777777777778,0.2,100000
0.0,0.3333333333333333,0.2,100000
0.0,0.38888888888888884,0.2,100000
0.0,0.4444444444444444,0.2,100000
0.0,0.5,0.2,100000
0.0,0.0,0.6,100000
0.0,0.05555555555555555,0.6,100000
0.0,0.1111111111111111,0.6,100000
0.0,0.16666666666666666,0.6,100000
0.0,0.2222222222222222,0.6,100000
0.0,0.2777777777777778,0.6,100000
0.0,0.3333333333333333,0.6,100000
0.0,0.38888888888888884,0.6,100000
0.0,0.4444444444444444,0.6,100000
0.0,0.5,0.6,100000
0.0,0.0,1.0,100000
0.0,0.05555555555555555,1.0,100000
0.0,0.1111111111111111,1.0,100000
0.0,0.16666666666666666,1.0,100000
0.0,0.2222222222222222,1.0,100000
0.0,0.2777777777777778,1.0,100000
0.0,0.3333333333333333,1.0,100000
0.0,0.38888888888888884,1.0,100000
0.0,0.4444444444444444,1.0,100000
0.0,0.5,1.0,100000
0.0,0.0,1.6,100000
0.0,0.05555555555555555,1.6,100000
0.0,0.1111111111111111,1.6,100000
0.0,0.16666666666666666,1.6,100000
0.0,0.2222222222222222,1.6,100000
0.0,0.2777777777777778,1.6,100000
0.0,0.3333333333333333,1.6,100000
0.0,0.38888888888888884,1.6,100000
0.0,0.4444444444444444,1.6,100000
0.0,0.5,1.6,100000
0.0,0.0,2.4,100000
0.0,0.05555555555555555,2.4,100000
0.0,0.1111111111111111,2.4,100000
0.0,0.16666666666666666,2.4,100000
0.0,0.2222222222222222,2.4,100000
0.0,0.2777777777777778,2.4,100000
0.0,0.3333333333333333,2.4,100000
0.0,0.38888888888888884,2.4,100000
0.0,0.4444444444444444,2.4,100000
0.0,0.5,2.4,100000
0.0,0.0,3.6,100000
0.0,0.05555555555555555,3.6,100000
0.0,0.1111111111111111,3.6,100000
0.0,0.16666666666666666,3.6,100000
0.0,0.2222222222222222,3.6,100000
0.0,0.2777777777777778,3.6,100000
0.0,0.3333333333333333,3.6,100000
0.0,0.38888888888888884,3.6,100000
0.0,0.4444444444444444,3.6,100000
0.0,0.5,3.6,100000
0.0,0.0,5.5,100000
0.0,0.05555555555555555,5.5,100000
0.0,0.1111111111111111,5.5,100000
0.0,0.16666666666666666,5.5,100000
0.0,0.2222222222222222,5.5,100000
0.0,0.2777777777777778,5.5,100000
0.0,0.3333333333333333,5.5,100000
0.0,0.38888888888888884,5.5,100000
0.0,0.4444444444444444,5.5,100000
0.0,0.5,5.5,100000
0.0,0.0,9.2,100000
0.0,0.05555555555555555,9.2,100000
0.0,0.1111111111111111,9.2,100000
0.0,0.16666666666666666,9.2,100000
0.0,0.2222222222222222,9.2,100000
0.0,0.2777777777777778,9.2,100000
0.0,0.3333333333333333,9.2,100000
0.0,0.38888888888888884,9.2,100000
0.0,0.4444444444444444,9.2,100000
0.0,0.5,9.2,100000
0.0,0.0,19.0,100000
0.0,0.05555555555555555,19.0,100000
0.0,0.1111111111111111,19.0,100000
0.0,0.16666666666666666,19.0,100000
0.0,0.2222222222222222,19.0,100000
0.0,0.2777777777777778,19.0,100000
0.0,0.3333333333333333,19.0,100000
0.0,0.38888888888888884,19.0,100000
0.0,0.4444444444444444,19.0,100000
0.0,0.5,19.0,100000
0.0,0.0,127.0,100000
0.0,0.05555555555555555,127.0,100000
0.0,0.1111111111111111,127.0,100000
0.0,0.16666666666666666,127.0,100000
0.0,0.2222222222222222,127.0,100000
0.0,0.2777777777777778,127.0,100000
0.0,0.3333333333333333,127.0,100000
0.0,0.38888888888888884,127.0,100000
0.0,0.4444444444444444,127.0,100000
0.0,0.5,127.0,100000
0.0,0.0,0.2,500000
0.0,0.05555555555555555,0.2,500000
0.0,0.1111111111111111,0.2,500000
0.0,0.16666666666666666,0.2,500000
0.0,0.2222222222222222,0.2,500000
0.0,0.2777777777777778,0.2,500000
0.0,0.3333333333333333,0.2,500000
0.0,0.38888888888888884,0.2,500000
0.0,0.4444444444444444,0.2,500000
0.0,0.5,0.2,500000
0.0,0.0,0.6,500000
0.0,0.05555555555555555,0.6,500000
0.0,0.1111111111111111,0.6,500000
0.0,0.16666666666666666,0.6,500000
0.0,0.2222222222222222,0.6,500000
0.0,0.2777777777777778,0.6,500000
0.0,0.3333333333333333,0.6,500000
0.0,0.38888888888888884,0.6,500000
0.0,0.4444444444444444,0.6,500000
0.0,0.5,0.6,500000
0.0,0.0,1.0,500000
0.0,0.05555555555555555,1.0,500000
0.0,0.1111111111111111,1.0,500000
0.0,0.16666666666666666,1.0,500000
0.0,0.2222222222222222,1.0,500000
0.0,0.2777777777777778,1.0,500000
0.0,0.3333333333333333,1.0,500000
0.0,0.38888888888888884,1.0,500000
0.0,0.4444444444444444,1.0,500000
0.0,0.5,1.0,500000
0.0,0.0,1.6,500000
0.0,0.05555555555555555,1.6,500000
0.0,0.1111111111111111,1.6,500000
0.0,0.16666666666666666,1.6,500000
0.0,0.2222222222222222,1.6,500000
0.0,0.2777777777777778,1.6,500000
0.0,0.3333333333333333,1.6,500000
0.0,0.38888888888888884,1.6,500000
0.0,0.4444444444444444,1.6,500000
0.0,0.5,1.6,500000
0.0,0.0,2.4,500000
0.0,0.05555555555555555,2.4,500000
0.0,0.1111111111111111,2.4,500000
0.0,0.16666666666666666,2.4,500000
0.0,0.2222222222222222,2.4,500000
0.0,0.2777777777777778,2.4,500000
0.0,0.3333333333333333,2.4,500000
0.0,0.38888888888888884,2.4,500000
0.0,0.4444444444444444,2.4,500000
0.0,0.5,2.4,500000
0.0,0.0,3.6,500000
0.0,0.05555555555555555,3.6,500000
0.0,0.1111111111111111,3.6,500000
0.0,0.16666666666666666,3.6,500000
0.0,0.2222222222222222,3.6,500000
0.0,0.2777777777777778,3.6,500000
0.0,0.3333333333333333,3.6,500000
0.0,0.38888888888888884,3.6,500000
0.0,0.4444444444444444,3.6,500000
0.0,0.5,3.6,500000
0.0,0.0,5.5,500000
0.0,0.05555555555555555,5.5,500000
0.0,0.1111111111111111,5.5,500000
0.0,0.16666666666666666,5.5,500000
0.0,0.2222222222222222,5.5,500000
0.0,0.2777777777777778,5.5,500000
0.0,0.3333333333333333,5.5,500000
0.0,0.38888888888888884,5.5,500000
0.0,0.4444444444444444,5.5,500000
0.0,0.5,5.5,500000
0.0,0.0,9.2,500000
0.0,0.05555555555555555,9.2,500000
0.0,0.1111111111111111,9.2,500000
0.0,0.16666666666666666,9.2,500000
0.0,0.2222222222222222,9.2,500000
0.0,0.2777777777777778,9.2,500000
0.0,0.3333333333333333,9.2,500000
0.0,0.38888888888888884,9.2,500000
0.0,0.4444444444444444,9.2,500000
0.0,0.5,9.2,500000
0.0,0.0,19.0,500000
0.0,0.05555555555555555,19.0,500000
0.0,0.1111111111111111,19.0,500000
0.0,0.16666666666666666,19.0,500000
0.0,0.2222222222222222,19.0,500000
0.0,0.2777777777777778,19.0,500000
0.0,0.3333333333333333,19.0,500000
0.0,0.38888888888888884,19.0,500000
0.0,0.4444444444444444,19.0,500000
0.0,0.5,19.0,500000
0.0,0.0,127.0,500000
0.0,0.05555555555555555,127.0,500000
0.0,0.1111111111111111,127.0,500000
0.0,0.16666666666666666,127.0,500000
0.0,0.2222222222222222,127.0,500000
0.0,0.2777777777777778,127.0,500000
0.0,0.3333333333333333,127.0,500000
0.0,0.38888888888888884,127.0,500000
0.0,0.4444444444444444,127.0,500000
0.0,0.5,127.0,500000
