Rescue probability,Death rate,Mutation rate
1.0,0.8,1e-08
1.0,0.8,5e-08
1.0,0.8,1e-07
1.0,0.8,1.584893192461114e-07
1.0,0.8,2.5118864315095823e-07
1.0,0.8,3.981071705534969e-07
1.0,0.8,6.30957344480193e-07
1.0,0.8,1e-06
1.0,0.8,1.584893192461114e-06
1.0,0.8,2.5118864315095823e-06
1.0,0.8,3.981071705534969e-06
1.0,0.8,6.30957344480193e-06
1.0,0.8,1e-05
1.0,0.8,1.584893192461114e-05
1.0,0.8,2.5118864315095822e-05
1.0,0.8,3.9810717055349695e-05
1.0,0.8,6.309573444801943e-05
1.0,0.8,0.0001
1.0,0.8,0.0005
1.0,0.8,0.001
1.0,0.828421052631579,1e-08
1.0,0.828421052631579,5e-08
1.0,0.828421052631579,1e-07
1.0,0.828421052631579,1.584893192461114e-07
1.0,0.828421052631579,2.5118864315095823e-07
1.0,0.828421052631579,3.981071705534969e-07
1.0,0.828421052631579,6.30957344480193e-07
1.0,0.828421052631579,1e-06
1.0,0.828421052631579,1.584893192461114e-06
1.0,0.828421052631579,2.5118864315095823e-06
1.0,0.828421052631579,3.981071705534969e-06
1.0,0.828421052631579,6.30957344480193e-06
1.0,0.828421052631579,1e-05
1.0,0.828421052631579,1.584893192461114e-05
1.0,0.828421052631579,2.5118864315095822e-05
1.0,0.828421052631579,3.9810717055349695e-05
1.0,0.828421052631579,6.309573444801943e-05
1.0,0.828421052631579,0.0001
1.0,0.828421052631579,0.0005
1.0,0.828421052631579,0.001
1.0,0.856842105263158,1e-08
1.0,0.856842105263158,5e-08
1.0,0.856842105263158,1e-07
1.0,0.856842105263158,1.584893192461114e-07
1.0,0.856842105263158,2.5118864315095823e-07
1.0,0.856842105263158,3.981071705534969e-07
1.0,0.856842105263158,6.30957344480193e-07
1.0,0.856842105263158,1e-06
1.0,0.856842105263158,1.584893192461114e-06
1.0,0.856842105263158,2.5118864315095823e-06
1.0,0.856842105263158,3.981071705534969e-06
1.0,0.856842105263158,6.30957344480193e-06
1.0,0.856842105263158,1e-05
1.0,0.856842105263158,1.584893192461114e-05
1.0,0.856842105263158,2.5118864315095822e-05
1.0,0.856842105263158,3.9810717055349695e-05
1.0,0.856842105263158,6.309573444801943e-05
1.0,0.856842105263158,0.0001
1.0,0.856842105263158,0.0005
1.0,0.856842105263158,0.001
1.0,0.8852631578947369,1e-08
1.0,0.8852631578947369,5e-08
1.0,0.8852631578947369,1e-07
1.0,0.8852631578947369,1.584893192461114e-07
1.0,0.8852631578947369,2.5118864315095823e-07
1.0,0.8852631578947369,3.981071705534969e-07
1.0,0.8852631578947369,6.30957344480193e-07
1.0,0.8852631578947369,1e-06
1.0,0.8852631578947369,1.584893192461114e-06
1.0,0.8852631578947369,2.5118864315095823e-06
1.0,0.8852631578947369,3.981071705534969e-06
1.0,0.8852631578947369,6.30957344480193e-06
1.0,0.8852631578947369,1e-05
1.0,0.8852631578947369,1.584893192461114e-05
1.0,0.8852631578947369,2.5118864315095822e-05
1.0,0.8852631578947369,3.9810717055349695e-05
1.0,0.8852631578947369,6.309573444801943e-05
1.0,0.8852631578947369,0.0001
1.0,0.8852631578947369,0.0005
1.0,0.8852631578947369,0.001
0.044,0.9136842105263159,1e-08
0.191,0.9136842105263159,5e-08
0.362,0.9136842105263159,1e-07
0.521,0.9136842105263159,1.584893192461114e-07
0.689,0.9136842105263159,2.5118864315095823e-07
0.836,0.9136842105263159,3.981071705534969e-07
0.943,0.9136842105263159,6.30957344480193e-07
0.989,0.9136842105263159,1e-06
1.0,0.9136842105263159,1.584893192461114e-06
1.0,0.9136842105263159,2.5118864315095823e-06
1.0,0.9136842105263159,3.981071705534969e-06
1.0,0.9136842105263159,6.30957344480193e-06
1.0,0.9136842105263159,1e-05
1.0,0.9136842105263159,1.584893192461114e-05
1.0,0.9136842105263159,2.5118864315095822e-05
1.0,0.9136842105263159,3.9810717055349695e-05
1.0,0.9136842105263159,6.309573444801943e-05
1.0,0.9136842105263159,0.0001
1.0,0.9136842105263159,0.0005
1.0,0.9136842105263159,0.001
0.025,0.9421052631578948,1e-08
0.128,0.9421052631578948,5e-08
0.23,0.9421052631578948,1e-07
0.358,0.9421052631578948,1.584893192461114e-07
0.491,0.9421052631578948,2.5118864315095823e-07
0.658,0.9421052631578948,3.981071705534969e-07
0.806,0.9421052631578948,6.30957344480193e-07
0.927,0.9421052631578948,1e-06
0.99,0.9421052631578948,1.584893192461114e-06
0.998,0.9421052631578948,2.5118864315095823e-06
1.0,0.9421052631578948,3.981071705534969e-06
1.0,0.9421052631578948,6.30957344480193e-06
1.0,0.9421052631578948,1e-05
1.0,0.9421052631578948,1.584893192461114e-05
1.0,0.9421052631578948,2.5118864315095822e-05
1.0,0.9421052631578948,3.9810717055349695e-05
1.0,0.9421052631578948,6.309573444801943e-05
1.0,0.9421052631578948,0.0001
1.0,0.9421052631578948,0.0005
1.0,0.9421052631578948,0.001
0.019,0.9705263157894737,1e-08
0.081,0.9705263157894737,5e-08
0.195,0.9705263157894737,1e-07
0.302,0.9705263157894737,1.584893192461114e-07
0.429,0.9705263157894737,2.5118864315095823e-07
0.577,0.9705263157894737,3.981071705534969e-07
0.723,0.9705263157894737,6.30957344480193e-07
0.885,0.9705263157894737,1e-06
0.963,0.9705263157894737,1.584893192461114e-06
0.999,0.9705263157894737,2.5118864315095823e-06
0.999,0.9705263157894737,3.981071705534969e-06
1.0,0.9705263157894737,6.30957344480193e-06
1.0,0.9705263157894737,1e-05
1.0,0.9705263157894737,1.584893192461114e-05
1.0,0.9705263157894737,2.5118864315095822e-05
1.0,0.9705263157894737,3.9810717055349695e-05
1.0,0.9705263157894737,6.309573444801943e-05
1.0,0.9705263157894737,0.0001
1.0,0.9705263157894737,0.0005
1.0,0.9705263157894737,0.001
0.026,0.9989473684210527,1e-08
0.084,0.9989473684210527,5e-08
0.167,0.9989473684210527,1e-07
0.237,0.9989473684210527,1.584893192461114e-07
0.361,0.9989473684210527,2.5118864315095823e-07
0.495,0.9989473684210527,3.981071705534969e-07
0.649,0.9989473684210527,6.30957344480193e-07
0.828,0.9989473684210527,1e-06
0.923,0.9989473684210527,1.584893192461114e-06
0.993,0.9989473684210527,2.5118864315095823e-06
0.999,0.9989473684210527,3.981071705534969e-06
1.0,0.9989473684210527,6.30957344480193e-06
1.0,0.9989473684210527,1e-05
1.0,0.9989473684210527,1.584893192461114e-05
1.0,0.9989473684210527,2.5118864315095822e-05
1.0,0.9989473684210527,3.9810717055349695e-05
1.0,0.9989473684210527,6.309573444801943e-05
1.0,0.9989473684210527,0.0001
1.0,0.9989473684210527,0.0005
1.0,0.9989473684210527,0.001
0.012,1.0273684210526317,1e-08
0.072,1.0273684210526317,5e-08
0.136,1.0273684210526317,1e-07
0.216,1.0273684210526317,1.584893192461114e-07
0.281,1.0273684210526317,2.5118864315095823e-07
0.455,1.0273684210526317,3.981071705534969e-07
0.592,1.0273684210526317,6.30957344480193e-07
0.783,1.0273684210526317,1e-06
0.892,1.0273684210526317,1.584893192461114e-06
0.977,1.0273684210526317,2.5118864315095823e-06
0.997,1.0273684210526317,3.981071705534969e-06
1.0,1.0273684210526317,6.30957344480193e-06
1.0,1.0273684210526317,1e-05
1.0,1.0273684210526317,1.584893192461114e-05
1.0,1.0273684210526317,2.5118864315095822e-05
1.0,1.0273684210526317,3.9810717055349695e-05
1.0,1.0273684210526317,6.309573444801943e-05
1.0,1.0273684210526317,0.0001
1.0,1.0273684210526317,0.0005
1.0,1.0273684210526317,0.001
0.021,1.0557894736842106,1e-08
0.064,1.0557894736842106,5e-08
0.119,1.0557894736842106,1e-07
0.173,1.0557894736842106,1.584893192461114e-07
0.278,1.0557894736842106,2.5118864315095823e-07
0.388,1.0557894736842106,3.981071705534969e-07
0.555,1.0557894736842106,6.30957344480193e-07
0.701,1.0557894736842106,1e-06
0.86,1.0557894736842106,1.584893192461114e-06
0.947,1.0557894736842106,2.5118864315095823e-06
0.993,1.0557894736842106,3.981071705534969e-06
0.999,1.0557894736842106,6.30957344480193e-06
1.0,1.0557894736842106,1e-05
1.0,1.0557894736842106,1.584893192461114e-05
1.0,1.0557894736842106,2.5118864315095822e-05
1.0,1.0557894736842106,3.9810717055349695e-05
1.0,1.0557894736842106,6.309573444801943e-05
1.0,1.0557894736842106,0.0001
1.0,1.0557894736842106,0.0005
1.0,1.0557894736842106,0.001
0.016,1.0842105263157895,1e-08
0.049,1.0842105263157895,5e-08
0.096,1.0842105263157895,1e-07
0.157,1.0842105263157895,1.584893192461114e-07
0.231,1.0842105263157895,2.5118864315095823e-07
0.347,1.0842105263157895,3.981071705534969e-07
0.513,1.0842105263157895,6.30957344480193e-07
0.637,1.0842105263157895,1e-06
0.799,1.0842105263157895,1.584893192461114e-06
0.916,1.0842105263157895,2.5118864315095823e-06
0.982,1.0842105263157895,3.981071705534969e-06
1.0,1.0842105263157895,6.30957344480193e-06
1.0,1.0842105263157895,1e-05
1.0,1.0842105263157895,1.584893192461114e-05
1.0,1.0842105263157895,2.5118864315095822e-05
1.0,1.0842105263157895,3.9810717055349695e-05
1.0,1.0842105263157895,6.309573444801943e-05
1.0,1.0842105263157895,0.0001
1.0,1.0842105263157895,0.0005
1.0,1.0842105263157895,0.001
0.013,1.1126315789473684,1e-08
0.042,1.1126315789473684,5e-08
0.081,1.1126315789473684,1e-07
0.132,1.1126315789473684,1.584893192461114e-07
0.188,1.1126315789473684,2.5118864315095823e-07
0.307,1.1126315789473684,3.981071705534969e-07
0.454,1.1126315789473684,6.30957344480193e-07
0.602,1.1126315789473684,1e-06
0.789,1.1126315789473684,1.584893192461114e-06
0.904,1.1126315789473684,2.5118864315095823e-06
0.973,1.1126315789473684,3.981071705534969e-06
0.998,1.1126315789473684,6.30957344480193e-06
1.0,1.1126315789473684,1e-05
1.0,1.1126315789473684,1.584893192461114e-05
1.0,1.1126315789473684,2.5118864315095822e-05
1.0,1.1126315789473684,3.9810717055349695e-05
1.0,1.1126315789473684,6.309573444801943e-05
1.0,1.1126315789473684,0.0001
1.0,1.1126315789473684,0.0005
1.0,1.1126315789473684,0.001
0.01,1.1410526315789475,1e-08
0.036,1.1410526315789475,5e-08
0.06,1.1410526315789475,1e-07
0.119,1.1410526315789475,1.584893192461114e-07
0.185,1.1410526315789475,2.5118864315095823e-07
0.26,1.1410526315789475,3.981071705534969e-07
0.385,1.1410526315789475,6.30957344480193e-07
0.532,1.1410526315789475,1e-06
0.721,1.1410526315789475,1.584893192461114e-06
0.876,1.1410526315789475,2.5118864315095823e-06
0.956,1.1410526315789475,3.981071705534969e-06
0.994,1.1410526315789475,6.30957344480193e-06
0.999,1.1410526315789475,1e-05
1.0,1.1410526315789475,1.584893192461114e-05
1.0,1.1410526315789475,2.5118864315095822e-05
1.0,1.1410526315789475,3.9810717055349695e-05
1.0,1.1410526315789475,6.309573444801943e-05
1.0,1.1410526315789475,0.0001
1.0,1.1410526315789475,0.0005
1.0,1.1410526315789475,0.001
0.007,1.1694736842105264,1e-08
0.026,1.1694736842105264,5e-08
0.062,1.1694736842105264,1e-07
0.095,1.1694736842105264,1.584893192461114e-07
0.145,1.1694736842105264,2.5118864315095823e-07
0.218,1.1694736842105264,3.981071705534969e-07
0.353,1.1694736842105264,6.30957344480193e-07
0.491,1.1694736842105264,1e-06
0.633,1.1694736842105264,1.584893192461114e-06
0.825,1.1694736842105264,2.5118864315095823e-06
0.926,1.1694736842105264,3.981071705534969e-06
0.986,1.1694736842105264,6.30957344480193e-06
0.996,1.1694736842105264,1e-05
1.0,1.1694736842105264,1.584893192461114e-05
1.0,1.1694736842105264,2.5118864315095822e-05
1.0,1.1694736842105264,3.9810717055349695e-05
1.0,1.1694736842105264,6.309573444801943e-05
1.0,1.1694736842105264,0.0001
1.0,1.1694736842105264,0.0005
1.0,1.1694736842105264,0.001
0.003,1.1978947368421053,1e-08
0.019,1.1978947368421053,5e-08
0.048,1.1978947368421053,1e-07
0.071,1.1978947368421053,1.584893192461114e-07
0.114,1.1978947368421053,2.5118864315095823e-07
0.184,1.1978947368421053,3.981071705534969e-07
0.261,1.1978947368421053,6.30957344480193e-07
0.387,1.1978947368421053,1e-06
0.522,1.1978947368421053,1.584893192461114e-06
0.702,1.1978947368421053,2.5118864315095823e-06
0.84,1.1978947368421053,3.981071705534969e-06
0.953,1.1978947368421053,6.30957344480193e-06
0.991,1.1978947368421053,1e-05
0.999,1.1978947368421053,1.584893192461114e-05
1.0,1.1978947368421053,2.5118864315095822e-05
1.0,1.1978947368421053,3.9810717055349695e-05
1.0,1.1978947368421053,6.309573444801943e-05
1.0,1.1978947368421053,0.0001
1.0,1.1978947368421053,0.0005
1.0,1.1978947368421053,0.001
0.0,1.2263157894736842,1e-08
0.0,1.2263157894736842,5e-08
0.0,1.2263157894736842,1e-07
0.0,1.2263157894736842,1.584893192461114e-07
0.0,1.2263157894736842,2.5118864315095823e-07
0.0,1.2263157894736842,3.981071705534969e-07
0.0,1.2263157894736842,6.30957344480193e-07
0.0,1.2263157894736842,1e-06
0.0,1.2263157894736842,1.584893192461114e-06
0.0,1.2263157894736842,2.5118864315095823e-06
0.0,1.2263157894736842,3.981071705534969e-06
0.0,1.2263157894736842,6.30957344480193e-06
0.0,1.2263157894736842,1e-05
0.0,1.2263157894736842,1.584893192461114e-05
0.0,1.2263157894736842,2.5118864315095822e-05
0.0,1.2263157894736842,3.9810717055349695e-05
0.0,1.2263157894736842,6.309573444801943e-05
0.0,1.2263157894736842,0.0001
0.0,1.2263157894736842,0.0005
0.0,1.2263157894736842,0.001
0.0,1.2547368421052632,1e-08
0.0,1.2547368421052632,5e-08
0.0,1.2547368421052632,1e-07
0.0,1.2547368421052632,1.584893192461114e-07
0.0,1.2547368421052632,2.5118864315095823e-07
0.0,1.2547368421052632,3.981071705534969e-07
0.0,1.2547368421052632,6.30957344480193e-07
0.0,1.2547368421052632,1e-06
0.0,1.2547368421052632,1.584893192461114e-06
0.0,1.2547368421052632,2.5118864315095823e-06
0.0,1.2547368421052632,3.981071705534969e-06
0.0,1.2547368421052632,6.30957344480193e-06
0.0,1.2547368421052632,1e-05
0.0,1.2547368421052632,1.584893192461114e-05
0.0,1.2547368421052632,2.5118864315095822e-05
0.0,1.2547368421052632,3.9810717055349695e-05
0.0,1.2547368421052632,6.309573444801943e-05
0.0,1.2547368421052632,0.0001
0.0,1.2547368421052632,0.0005
0.0,1.2547368421052632,0.001
0.0,1.283157894736842,1e-08
0.0,1.283157894736842,5e-08
0.0,1.283157894736842,1e-07
0.0,1.283157894736842,1.584893192461114e-07
0.0,1.283157894736842,2.5118864315095823e-07
0.0,1.283157894736842,3.981071705534969e-07
0.0,1.283157894736842,6.30957344480193e-07
0.0,1.283157894736842,1e-06
0.0,1.283157894736842,1.584893192461114e-06
0.0,1.283157894736842,2.5118864315095823e-06
0.0,1.283157894736842,3.981071705534969e-06
0.0,1.283157894736842,6.30957344480193e-06
0.0,1.283157894736842,1e-05
0.0,1.283157894736842,1.584893192461114e-05
0.0,1.283157894736842,2.5118864315095822e-05
0.0,1.283157894736842,3.9810717055349695e-05
0.0,1.283157894736842,6.309573444801943e-05
0.0,1.283157894736842,0.0001
0.0,1.283157894736842,0.0005
0.0,1.283157894736842,0.001
0.0,1.311578947368421,1e-08
0.0,1.311578947368421,5e-08
0.0,1.311578947368421,1e-07
0.0,1.311578947368421,1.584893192461114e-07
0.0,1.311578947368421,2.5118864315095823e-07
0.0,1.311578947368421,3.981071705534969e-07
0.0,1.311578947368421,6.30957344480193e-07
0.0,1.311578947368421,1e-06
0.0,1.311578947368421,1.584893192461114e-06
0.0,1.311578947368421,2.5118864315095823e-06
0.0,1.311578947368421,3.981071705534969e-06
0.0,1.311578947368421,6.30957344480193e-06
0.0,1.311578947368421,1e-05
0.0,1.311578947368421,1.584893192461114e-05
0.0,1.311578947368421,2.5118864315095822e-05
0.0,1.311578947368421,3.9810717055349695e-05
0.0,1.311578947368421,6.309573444801943e-05
0.0,1.311578947368421,0.0001
0.0,1.311578947368421,0.0005
0.0,1.311578947368421,0.001
0.0,1.34,1e-08
0.0,1.34,5e-08
0.0,1.34,1e-07
0.0,1.34,1.584893192461114e-07
0.0,1.34,2.5118864315095823e-07
0.0,1.34,3.981071705534969e-07
0.0,1.34,6.30957344480193e-07
0.0,1.34,1e-06
0.0,1.34,1.584893192461114e-06
0.0,1.34,2.5118864315095823e-06
0.0,1.34,3.981071705534969e-06
0.0,1.34,6.30957344480193e-06
0.0,1.34,1e-05
0.0,1.34,1.584893192461114e-05
0.0,1.34,2.5118864315095822e-05
0.0,1.34,3.9810717055349695e-05
0.0,1.34,6.309573444801943e-05
0.0,1.34,0.0001
0.0,1.34,0.0005
0.0,1.34,0.001
